# first column x in unit um, second column concentration
0.0000 0.0006
0.1315 0.0032
0.2630 0.0082
0.3945 0.0181
0.5260 0.0302
0.6575 0.0492
0.7890 0.0675
0.9205 0.0876
1.0520 0.1133
1.1835 0.1418
1.3150 0.1723
1.4465 0.1992
1.5780 0.2263
1.7095 0.2608
1.8410 0.2909
1.9725 0.3222
2.1040 0.3480
2.2355 0.3754
2.3670 0.4005
2.4985 0.4249
2.6300 0.4475
2.7615 0.4649
2.8930 0.4830
3.0245 0.4970
3.1560 0.5087
3.2875 0.5197
3.4190 0.5277
3.5505 0.5339
3.6820 0.5383
3.8135 0.5417
3.9450 0.5442
4.0765 0.5458
4.2080 0.5470
4.3395 0.5478
4.4710 0.5485
4.6025 0.5495
4.7340 0.5507
4.8655 0.5526
4.9970 0.5550
5.1285 0.5587
5.2600 0.5629
5.3915 0.5675
5.5230 0.5735
5.6545 0.5801
5.7860 0.5881
5.9175 0.5967
6.0490 0.6053
6.1805 0.6154
6.3120 0.6255
6.4435 0.6365
6.5750 0.6476
6.7065 0.6589
6.8380 0.6699
6.9695 0.6802
7.1010 0.6908
7.2325 0.7008
7.3640 0.7109
7.4955 0.7198
7.6270 0.7285
7.7585 0.7362
7.8900 0.7434
8.0215 0.7500
8.1530 0.7556
8.2845 0.7608
8.4160 0.7654
8.5475 0.7694
8.6790 0.7728
8.8105 0.7757
8.9420 0.7785
9.0735 0.7809
9.2050 0.7830
9.3365 0.7848
9.4680 0.7864
9.5995 0.7883
9.7310 0.7901
9.8625 0.7921
9.9940 0.7943
10.1255 0.7966
10.2570 0.7993
10.3885 0.8019
10.5200 0.8050
10.6515 0.8083
10.7830 0.8119
10.9145 0.8160
11.0460 0.8198
11.1775 0.8245
11.3090 0.8286
11.4405 0.8332
11.5720 0.8376
11.7035 0.8419
11.8350 0.8466
11.9665 0.8508
12.0980 0.8551
12.2295 0.8594
12.3610 0.8635
12.4925 0.8678
12.6240 0.8715
12.7555 0.8753
12.8870 0.8787
13.0185 0.8818
13.1500 0.8850
13.2815 0.8877
13.4130 0.8905
13.5445 0.8930
13.6760 0.8953
13.8075 0.8977
13.9390 0.8997
14.0705 0.9018
14.2020 0.9038
14.3335 0.9058
14.4650 0.9078
14.5965 0.9097
14.7280 0.9118
14.8595 0.9139
14.9910 0.9159
15.1225 0.9181
15.2540 0.9202
15.3855 0.9224
15.5170 0.9246
15.6485 0.9269
15.7800 0.9293
15.9115 0.9315
16.0430 0.9337
16.1745 0.9358
16.3060 0.9381
16.4375 0.9401
16.5690 0.9421
16.7005 0.9439
16.8320 0.9459
16.9635 0.9478
17.0950 0.9495
17.2265 0.9511
17.3580 0.9525
17.4895 0.9540
17.6210 0.9552
17.7525 0.9563
17.8840 0.9574
18.0155 0.9585
18.1470 0.9595
18.2785 0.9606
18.4100 0.9617
18.5415 0.9628
18.6730 0.9639
18.8045 0.9649
18.9360 0.9660
19.0675 0.9670
19.1990 0.9679
19.3305 0.9689
19.4620 0.9699
19.5935 0.9709
19.7250 0.9719
19.8565 0.9729
19.9880 0.9738
20.1195 0.9748
20.2510 0.9759
20.3825 0.9770
20.5140 0.9781
20.6455 0.9792
20.7770 0.9803
20.9085 0.9814
21.0400 0.9824
21.1715 0.9833
21.3030 0.9842
21.4345 0.9851
21.5660 0.9858
21.6975 0.9866
21.8290 0.9873
21.9605 0.9880
22.0920 0.9887
22.2235 0.9894
22.3550 0.9901
22.4865 0.9908
22.6180 0.9915
22.7495 0.9921
22.8810 0.9928
23.0125 0.9935
23.1440 0.9941
23.2755 0.9947
23.4070 0.9954
23.5385 0.9960
23.6700 0.9966
23.8015 0.9971
23.9330 0.9977
24.0645 0.9982
24.1960 0.9987
24.3275 0.9991
24.4590 0.9994
24.5905 0.9998
24.7220 1.0000
24.8535 1.0003
24.9850 1.0005
25.1165 1.0007
25.2480 1.0010
25.3795 1.0012
25.5110 1.0015
25.6425 1.0017
25.7740 1.0020
25.9055 1.0022
26.0370 1.0024
26.1685 1.0026
26.3000 1.0027
26.4315 1.0028
26.5630 1.0029
26.6945 1.0030
26.8260 1.0031
26.9575 1.0031
27.0890 1.0031
27.2205 1.0031
27.3520 1.0030
27.4835 1.0029
27.6150 1.0028
27.7465 1.0027
27.8780 1.0025
28.0095 1.0023
28.1410 1.0021
28.2725 1.0019
28.4040 1.0018
28.5355 1.0018
28.6670 1.0017
28.7985 1.0016
28.9300 1.0015
29.0615 1.0014
29.1930 1.0013
29.3245 1.0011
29.4560 1.0008
29.5875 1.0006
29.7190 1.0003
29.8505 1.0000
