# first column x in unit um and second column concentration
0.0000 0.0006
0.1324 0.0032
0.2648 0.0081
0.3972 0.0181
0.5296 0.0302
0.6620 0.0488
0.7944 0.0667
0.9268 0.0859
1.0592 0.1103
1.1916 0.1364
1.3240 0.1641
1.4564 0.1881
1.5888 0.2114
1.7212 0.2403
1.8536 0.2647
1.9860 0.2891
2.1184 0.3088
2.2508 0.3290
2.3832 0.3467
2.5156 0.3633
2.6480 0.3781
2.7804 0.3894
2.9128 0.4007
3.0452 0.4096
3.1776 0.4172
3.3100 0.4246
3.4424 0.4304
3.5748 0.4357
3.7072 0.4401
3.8396 0.4444
3.9720 0.4488
4.1044 0.4528
4.2368 0.4575
4.3692 0.4621
4.5016 0.4672
4.6340 0.4727
4.7664 0.4777
4.8988 0.4838
5.0312 0.4895
5.1636 0.4963
5.2960 0.5028
5.4284 0.5088
5.5608 0.5154
5.6932 0.5218
5.8256 0.5286
5.9580 0.5350
6.0904 0.5408
6.2228 0.5468
6.3552 0.5526
6.4876 0.5583
6.6200 0.5639
6.7524 0.5693
6.8848 0.5744
7.0172 0.5791
7.1496 0.5838
7.2820 0.5883
7.4144 0.5929
7.5468 0.5970
7.6792 0.6012
7.8116 0.6051
7.9440 0.6090
8.0764 0.6130
8.2088 0.6166
8.3412 0.6202
8.4736 0.6238
8.6060 0.6274
8.7384 0.6306
8.8708 0.6337
9.0032 0.6369
9.1356 0.6401
9.2680 0.6430
9.4004 0.6460
9.5328 0.6489
9.6652 0.6522
9.7976 0.6553
9.9300 0.6585
10.0624 0.6615
10.1948 0.6647
10.3272 0.6680
10.4596 0.6710
10.5920 0.6743
10.7244 0.6776
10.8568 0.6809
10.9892 0.6842
11.1216 0.6873
11.2540 0.6907
11.3864 0.6937
11.5188 0.6968
11.6512 0.6997
11.7836 0.7025
11.9160 0.7055
12.0484 0.7082
12.1808 0.7108
12.3132 0.7134
12.4456 0.7159
12.5780 0.7185
12.7104 0.7209
12.8428 0.7233
12.9752 0.7258
13.1076 0.7283
13.2400 0.7308
13.3724 0.7332
13.5048 0.7358
13.6372 0.7383
13.7696 0.7409
13.9020 0.7435
14.0344 0.7462
14.1668 0.7489
14.2992 0.7517
14.4316 0.7544
14.5640 0.7572
14.6964 0.7600
14.8288 0.7629
14.9612 0.7657
15.0936 0.7684
15.2260 0.7712
15.3584 0.7738
15.4908 0.7763
15.6232 0.7788
15.7556 0.7813
15.8880 0.7837
16.0204 0.7860
16.1528 0.7882
16.2852 0.7904
16.4176 0.7927
16.5500 0.7948
16.6824 0.7968
16.8148 0.7987
16.9472 0.8008
17.0796 0.8028
17.2120 0.8049
17.3444 0.8068
17.4768 0.8086
17.6092 0.8106
17.7416 0.8125
17.8740 0.8144
18.0064 0.8165
18.1388 0.8185
18.2712 0.8204
18.4036 0.8224
18.5360 0.8243
18.6684 0.8263
18.8008 0.8283
18.9332 0.8303
19.0656 0.8323
19.1980 0.8343
19.3304 0.8362
19.4628 0.8382
19.5952 0.8402
19.7276 0.8421
19.8600 0.8441
19.9924 0.8459
20.1248 0.8478
20.2572 0.8498
20.3896 0.8516
20.5220 0.8534
20.6544 0.8551
20.7868 0.8567
20.9192 0.8584
21.0516 0.8599
21.1840 0.8615
21.3164 0.8630
21.4488 0.8645
21.5812 0.8660
21.7136 0.8674
21.8460 0.8688
21.9784 0.8702
22.1108 0.8716
22.2432 0.8729
22.3756 0.8741
22.5080 0.8753
22.6404 0.8765
22.7728 0.8778
22.9052 0.8790
23.0376 0.8801
23.1700 0.8812
23.3024 0.8823
23.4348 0.8835
23.5672 0.8846
23.6996 0.8856
23.8320 0.8866
23.9644 0.8876
24.0968 0.8886
24.2292 0.8897
24.3616 0.8907
24.4940 0.8917
24.6264 0.8926
24.7588 0.8937
24.8912 0.8947
25.0236 0.8957
25.1560 0.8966
25.2884 0.8976
25.4208 0.8986
25.5532 0.8996
25.6856 0.9006
25.8180 0.9016
25.9504 0.9026
26.0828 0.9036
26.2152 0.9047
26.3476 0.9058
26.4800 0.9068
26.6124 0.9078
26.7448 0.9089
26.8772 0.9099
27.0096 0.9108
27.1420 0.9117
27.2744 0.9125
27.4068 0.9133
27.5392 0.9142
27.6716 0.9150
27.8040 0.9158
27.9364 0.9166
28.0688 0.9174
28.2012 0.9181
28.3336 0.9189
28.4660 0.9196
28.5984 0.9204
28.7308 0.9211
28.8632 0.9220
28.9956 0.9227
29.1280 0.9235
29.2604 0.9244
29.3928 0.9252
29.5252 0.9260
29.6576 0.9268
29.7900 0.9277
29.9224 0.9284
30.0548 0.9292
30.1872 0.9300
30.3196 0.9308
30.4520 0.9316
30.5844 0.9324
30.7168 0.9332
30.8492 0.9340
30.9816 0.9347
31.1140 0.9355
31.2464 0.9362
31.3788 0.9369
31.5112 0.9375
31.6436 0.9381
31.7760 0.9387
31.9084 0.9394
32.0408 0.9401
32.1732 0.9407
32.3056 0.9413
32.4380 0.9419
32.5704 0.9425
32.7028 0.9431
32.8352 0.9437
32.9676 0.9443
33.1000 0.9449
33.2324 0.9455
33.3648 0.9461
33.4972 0.9467
33.6296 0.9474
33.7620 0.9481
33.8944 0.9488
34.0268 0.9494
34.1592 0.9500
34.2916 0.9506
34.4240 0.9511
34.5564 0.9517
34.6888 0.9523
34.8212 0.9529
34.9536 0.9535
35.0860 0.9540
35.2184 0.9545
35.3508 0.9551
35.4832 0.9558
35.6156 0.9563
35.7480 0.9567
35.8804 0.9572
36.0128 0.9576
36.1452 0.9581
36.2776 0.9586
36.4100 0.9590
36.5424 0.9595
36.6748 0.9600
36.8072 0.9604
36.9396 0.9608
37.0720 0.9611
37.2044 0.9615
37.3368 0.9619
37.4692 0.9623
37.6016 0.9627
37.7340 0.9630
37.8664 0.9634
37.9988 0.9637
38.1312 0.9640
38.2636 0.9643
38.3960 0.9647
38.5284 0.9650
38.6608 0.9653
38.7932 0.9657
38.9256 0.9661
39.0580 0.9665
39.1904 0.9668
39.3228 0.9671
39.4552 0.9675
39.5876 0.9678
39.7200 0.9681
39.8524 0.9684
39.9848 0.9687
40.1172 0.9690
40.2496 0.9693
40.3820 0.9696
40.5144 0.9698
40.6468 0.9700
40.7792 0.9703
40.9116 0.9706
41.0440 0.9709
41.1764 0.9712
41.3088 0.9716
41.4412 0.9719
41.5736 0.9721
41.7060 0.9724
41.8384 0.9727
41.9708 0.9729
42.1032 0.9732
42.2356 0.9735
42.3680 0.9738
42.5004 0.9741
42.6328 0.9745
42.7652 0.9748
42.8976 0.9751
43.0300 0.9754
43.1624 0.9758
43.2948 0.9762
43.4272 0.9765
43.5596 0.9768
43.6920 0.9771
43.8244 0.9774
43.9568 0.9777
44.0892 0.9780
44.2216 0.9783
44.3540 0.9786
44.4864 0.9789
44.6188 0.9792
44.7512 0.9795
44.8836 0.9798
45.0160 0.9801
45.1484 0.9804
45.2808 0.9805
45.4132 0.9807
45.5456 0.9809
45.6780 0.9811
45.8104 0.9814
45.9428 0.9817
46.0752 0.9819
46.2076 0.9821
46.3400 0.9823
46.4724 0.9824
46.6048 0.9825
46.7372 0.9828
46.8696 0.9830
47.0020 0.9832
47.1344 0.9834
47.2668 0.9836
47.3992 0.9839
47.5316 0.9841
47.6640 0.9844
47.7964 0.9846
47.9288 0.9848
48.0612 0.9851
48.1936 0.9854
48.3260 0.9856
48.4584 0.9858
48.5908 0.9860
48.7232 0.9863
48.8556 0.9865
48.9880 0.9866
49.1204 0.9867
49.2528 0.9868
49.3852 0.9869
49.5176 0.9871
49.6500 0.9873
49.7824 0.9875
49.9148 0.9877
50.0472 0.9878
50.1796 0.9880
50.3120 0.9881
50.4444 0.9882
50.5768 0.9884
50.7092 0.9886
50.8416 0.9888
50.9740 0.9890
51.1064 0.9891
51.2388 0.9893
51.3712 0.9894
51.5036 0.9896
51.6360 0.9898
51.7684 0.9899
51.9008 0.9901
52.0332 0.9902
52.1656 0.9903
52.2980 0.9904
52.4304 0.9905
52.5628 0.9906
52.6952 0.9908
52.8276 0.9910
52.9600 0.9911
53.0924 0.9912
53.2248 0.9913
53.3572 0.9913
53.4896 0.9915
53.6220 0.9916
53.7544 0.9917
53.8868 0.9917
54.0192 0.9918
54.1516 0.9919
54.2840 0.9919
54.4164 0.9919
54.5488 0.9919
54.6812 0.9919
54.8136 0.9919
54.9460 0.9920
55.0784 0.9922
55.2108 0.9923
55.3432 0.9924
55.4756 0.9925
55.6080 0.9926
55.7404 0.9928
55.8728 0.9929
56.0052 0.9930
56.1376 0.9931
56.2700 0.9932
56.4024 0.9933
56.5348 0.9935
56.6672 0.9937
56.7996 0.9938
56.9320 0.9940
57.0644 0.9941
57.1968 0.9942
57.3292 0.9943
57.4616 0.9943
57.5940 0.9943
57.7264 0.9943
57.8588 0.9944
57.9912 0.9945
58.1236 0.9947
58.2560 0.9948
58.3884 0.9950
58.5208 0.9951
58.6532 0.9953
58.7856 0.9954
58.9180 0.9955
59.0504 0.9957
59.1828 0.9958
59.3152 0.9959
59.4476 0.9960
59.5800 0.9962
59.7124 0.9963
59.8448 0.9964
59.9772 0.9964
60.1096 0.9964
60.2420 0.9964
60.3744 0.9965
60.5068 0.9965
60.6392 0.9966
60.7716 0.9966
60.9040 0.9966
61.0364 0.9966
61.1688 0.9967
61.3012 0.9966
61.4336 0.9965
61.5660 0.9965
61.6984 0.9964
61.8308 0.9965
61.9632 0.9965
62.0956 0.9965
62.2280 0.9965
62.3604 0.9965
62.4928 0.9964
62.6252 0.9963
62.7576 0.9963
62.8900 0.9963
63.0224 0.9964
63.1548 0.9964
63.2872 0.9965
63.4196 0.9965
63.5520 0.9965
63.6844 0.9966
63.8168 0.9967
63.9492 0.9967
64.0816 0.9968
64.2140 0.9968
64.3464 0.9968
64.4788 0.9968
64.6112 0.9967
64.7436 0.9967
64.8760 0.9967
65.0084 0.9967
65.1408 0.9968
65.2732 0.9968
65.4056 0.9969
65.5380 0.9968
65.6704 0.9967
65.8028 0.9967
65.9352 0.9967
66.0676 0.9967
66.2000 0.9968
66.3324 0.9968
66.4648 0.9968
66.5972 0.9969
66.7296 0.9969
66.8620 0.9970
66.9944 0.9971
67.1268 0.9971
67.2592 0.9971
67.3916 0.9972
67.5240 0.9972
67.6564 0.9972
67.7888 0.9971
67.9212 0.9970
68.0536 0.9970
68.1860 0.9970
68.3184 0.9970
68.4508 0.9971
68.5832 0.9972
68.7156 0.9973
68.8480 0.9973
68.9804 0.9974
69.1128 0.9975
69.2452 0.9975
69.3776 0.9976
69.5100 0.9976
69.6424 0.9976
69.7748 0.9976
69.9072 0.9975
70.0396 0.9976
70.1720 0.9977
70.3044 0.9978
70.4368 0.9978
70.5692 0.9979
70.7016 0.9979
70.8340 0.9978
70.9664 0.9978
71.0988 0.9977
71.2312 0.9977
71.3636 0.9977
71.4960 0.9977
71.6284 0.9977
71.7608 0.9978
71.8932 0.9980
72.0256 0.9981
72.1580 0.9982
72.2904 0.9983
72.4228 0.9982
72.5552 0.9982
72.6876 0.9982
72.8200 0.9982
72.9524 0.9983
73.0848 0.9983
73.2172 0.9984
73.3496 0.9984
73.4820 0.9984
73.6144 0.9983
73.7468 0.9984
73.8792 0.9984
74.0116 0.9985
74.1440 0.9985
74.2764 0.9985
74.4088 0.9984
74.5412 0.9984
74.6736 0.9983
74.8060 0.9983
74.9384 0.9983
75.0708 0.9984
75.2032 0.9984
75.3356 0.9984
75.4680 0.9984
75.6004 0.9985
75.7328 0.9987
75.8652 0.9987
75.9976 0.9987
76.1300 0.9988
76.2624 0.9989
76.3948 0.9990
76.5272 0.9992
76.6596 0.9994
76.7920 0.9995
76.9244 0.9996
77.0568 0.9997
77.1892 0.9998
77.3216 0.9997
77.4540 0.9997
77.5864 0.9996
77.7188 0.9996
77.8512 0.9997
77.9836 0.9998
78.1160 0.9999
78.2484 0.9999
78.3808 1.0000
78.5132 1.0000
78.6456 1.0000
78.7780 1.0000
78.9104 1.0000
79.0428 1.0000
79.1752 0.9999
79.3076 0.9999
79.4400 0.9998
79.5724 0.9998
79.7048 0.9999
79.8372 1.0000
